           N     time (s)        # ops  microsec/op  InsertionSort
------------------------------------------------------------
        1000         0.00         1000         4.00
        2000         0.00         2000         1.50
        4000         0.01         4000         2.25
        8000         0.03         8000         3.75
       16000         0.13        16000         8.31
       32000         0.50        32000        15.69
       64000         1.95        64000        30.50
      128000         7.51       128000        58.66
      256000        29.50       256000       115.24
      512000       117.60       512000       229.68
           N     time (s)        # ops  microsec/op  SelectionSort
------------------------------------------------------------
        1000         0.01         1000         5.00
        2000         0.01         2000         5.00
        4000         0.03         4000         7.50
        8000         0.09         8000        10.88
       16000         0.34        16000        21.38
       32000         1.40        32000        43.78
       64000         5.60        64000        87.45
      128000        22.15       128000       173.08
      256000        88.79       256000       346.85
      512000       369.86       512000       722.38
           N     time (s)        # ops  microsec/op  HeapSort
------------------------------------------------------------
        1000         0.01         1000         7.00
        2000         0.01         2000         2.50
        4000         0.01         4000         2.25
        8000         0.01         8000         1.00
       16000         0.01        16000         0.69
       32000         0.02        32000         0.63
       64000         0.05        64000         0.70
      128000         0.13       128000         1.00
      256000         0.26       256000         1.02
      512000         0.57       512000         1.11
           N     time (s)        # ops  microsec/op MergeSort
------------------------------------------------------------
        1000         0.00         1000         0.00
        2000         0.00         2000         0.50
        4000         0.00         4000         0.25
        8000         0.02         8000         1.87
       16000         0.00        16000         0.13
       32000         0.00        32000         0.13
       64000         0.01        64000         0.20
      128000         0.02       128000         0.12
      256000         0.04       256000         0.14
      512000         0.10       512000         0.19